87    0.0
88    0.0
89    0.0
90    0.0
91    0.0
92    0.0
93    0.0
94    0.0
95    0.0
96    0.0
97    0.0
98    0.0
99    0.0
100    0.0
101    0.0
102    0.076
103    0.076
104    0.076
105    0.076
106    0.076
107    0.076
108    0.076
109    0.076
110    0.076
111    0.227
112    0.227
113    0.227
114    0.378
115    0.302
116    0.302
117    0.302
118    0.378
119    0.378
120    0.529
121    0.529
122    0.605
123    0.68
124    0.68
125    0.68
126    0.756
127    0.907
128    1.058
129    1.285
130    1.285
131    1.436
132    1.058
133    1.436
134    1.285
135    1.814
136    1.889
137    1.965
138    1.965
139    1.738
140    1.965
141    2.418
142    2.267
143    2.267
144    2.645
145    2.721
146    3.023
147    2.494
148    3.023
149    3.023
150    3.552
151    3.476
152    3.93
153    4.157
154    3.703
155    4.308
156    4.308
157    4.383
158    4.761
159    4.761
160    5.063
161    5.063
162    5.29
163    5.215
164    5.441
165    5.139
166    5.668
167    6.575
168    6.726
169    5.366
170    7.179
171    7.104
172    6.273
173    7.633
174    7.331
175    6.65
176    7.104
177    7.557
178    7.557
179    7.255
180    9.447
180    8.162
179    8.162
178    8.237
177    8.011
176    7.557
175    8.54
174    7.633
173    6.953
172    7.104
171    7.028
170    7.633
169    6.953
168    6.424
167    6.726
166    5.819
165    5.97
164    5.592
163    6.046
162    5.29
161    4.988
160    5.366
159    4.837
158    4.61
157    4.686
156    4.459
155    4.005
154    4.081
153    3.779
152    3.93
151    3.854
150    3.325
149    3.099
148    3.099
147    3.099
146    3.023
145    3.325
144    2.721
143    2.796
142    2.418
141    2.116
140    2.418
139    2.343
138    2.418
137    1.965
136    1.663
135    1.134
134    1.587
133    1.663
132    1.36
131    1.587
130    1.285
129    1.058
128    0.982
127    1.209
126    1.058
125    1.058
124    0.831
123    0.756
122    0.68
121    0.529
120    0.605
119    0.605
118    0.605
117    0.378
116    0.302
115    0.378
114    0.302
113    0.227
112    0.227
111    0.151
110    0.227
109    0.076
108    0.076
107    0.151
106    0.076
105    0.076
104    0.0
103    0.076
102    0.076
101    0.0
100    0.0
99    0.0
98    0.0
97    0.0
96    0.0
95    0.0
94    -0.076
93    -0.076
92    -0.076
91    0.0
90    0.0
89    0.0
88    -0.076
87    -0.076
86    0.0
85    0.0
84    0.0
83    0.0
82    0.0
