87    -0.076
88    0.0
89    0.0
90    0.0
91    0.0
92    0.0
93    0.0
94    0.0
95    0.0
96    0.0
97    0.0
98    0.0
99    0.0
100    0.0
101    0.0
102    0.0
103    0.0
104    0.0
105    0.0
106    0.0
107    0.0
108    0.0
109    0.076
110    0.0
111    0.0
112    0.076
113    0.0
114    0.0
115    0.076
116    0.0
117    0.0
118    0.076
119    0.0
120    0.076
121    0.076
122    0.076
123    0.076
124    0.076
125    0.076
126    0.076
127    0.076
128    0.076
129    0.151
130    0.151
131    0.151
132    0.151
133    0.151
134    0.227
135    0.076
136    0.151
137    0.076
138    0.151
139    0.151
140    0.378
141    0.151
142    0.076
143    0.302
144    0.151
145    0.227
146    0.227
147    0.227
148    0.227
149    0.151
150    0.302
151    0.227
152    0.151
153    0.151
154    0.227
155    0.378
156    0.151
157    0.302
158    0.302
159    0.151
160    0.0
161    0.227
162    0.378
163    0.227
164    0.302
165    0.227
166    0.378
167    0.227
168    0.227
169    0.302
170    0.227
171    0.227
172    0.151
173    0.378
174    0.076
175    0.227
176    0.227
177    0.151
178    0.378
179    0.227
180    0.378
