1    16.27    -0.076    -0.0
2    16.27    0.0    -0.0
3    16.27    -0.076    -0.0
4    16.27    0.0    -0.0
5    16.27    -0.076    -0.0
6    16.27    0.0    -0.0
7    16.27    0.0    -0.0
8    16.27    0.0    -0.0
9    16.27    0.0    -0.0
10    16.27    0.0    -0.0
11    16.27    0.0    -0.0
12    16.27    0.0    -0.0
13    16.237    0.0    -0.0
14    16.237    -0.076    -0.0
15    15.846    2.796    0.7
16    15.846    2.721    1.4
17    15.813    2.796    2.2
18    15.813    2.721    3.0
19    15.813    2.721    3.7
20    15.813    2.721    4.5
21    15.813    2.721    5.2
22    15.781    2.721    6.0
23    15.813    2.721    6.7
24    15.781    2.721    7.5
25    15.781    2.796    8.3
26    15.781    2.721    9.0
27    15.781    2.721    9.8
28    15.781    2.721    10.6
29    15.781    2.796    11.3
30    15.748    2.721    12.1
31    15.748    2.721    12.9
32    15.748    2.796    13.6
33    15.748    2.721    14.4
34    15.748    2.721    15.2
35    15.748    2.796    15.9
36    15.748    2.796    16.7
37    15.748    2.721    17.5
38    15.748    2.721    18.2
39    15.748    2.721    19.0
40    15.716    2.721    19.8
41    15.748    2.721    20.5
42    15.716    2.721    21.3
43    15.716    2.796    22.1
44    15.716    2.796    22.9
45    15.716    2.721    23.6
46    15.716    2.721    24.4
47    15.716    2.721    25.1
48    15.716    2.721    25.9
49    15.716    2.796    26.7
50    15.716    2.721    27.4
51    15.716    2.796    28.2
52    15.716    2.721    29.0
53    15.683    2.721    29.7
54    15.716    2.721    30.5
55    15.683    2.721    31.3
56    15.683    2.721    32.0
57    15.683    2.796    32.8
58    15.683    2.721    33.6
59    15.683    2.796    34.3
60    15.683    2.796    35.1
61    15.683    2.721    35.9
62    15.683    2.796    36.7
63    15.683    2.796    37.4
64    15.683    2.796    38.2
65    15.683    2.721    39.0
66    15.683    2.796    39.8
67    15.683    2.721    40.5
68    15.683    2.721    41.3
69    15.683    2.796    42.1
70    15.683    2.796    42.8
71    15.65    2.796    43.6
72    15.683    2.796    44.4
73    15.65    2.721    45.2
74    15.683    2.796    45.9
75    15.683    2.796    46.7
76    15.683    2.796    47.5
77    15.65    2.721    48.3
78    15.65    2.721    49.0
79    15.683    2.796    49.8
80    15.65    2.721    50.6
81    15.65    2.721    51.3
82    15.65    2.721    52.1
83    15.65    2.796    52.9
84    15.65    2.721    53.6
85    15.65    2.721    54.4
86    15.65    2.721    55.1
87    15.65    2.796    55.9
88    15.65    2.796    56.7
89    15.65    2.721    57.5
90    15.65    2.796    58.2
91    15.65    2.721    59.0
92    15.65    2.721    59.8
93    15.65    2.721    60.5
94    15.65    2.721    61.3
95    15.65    2.721    62.0
96    15.65    2.796    62.8
97    15.65    2.721    63.6
98    15.65    2.721    64.3
99    15.65    2.721    65.1
100    15.618    2.796    65.9
101    15.65    2.796    66.7
102    15.65    2.721    67.4
103    15.65    2.721    68.2
