87    0.0
88    0.0
89    0.0
90    0.0
91    0.076
92    0.076
93    0.0
94    0.076
95    0.076
96    0.076
97    0.076
98    0.151
99    0.076
100    0.076
101    0.151
102    0.076
103    0.076
104    0.076
105    0.151
106    0.151
107    0.076
108    0.151
109    0.151
110    0.227
111    0.227
112    0.302
113    0.378
114    0.378
115    0.378
116    0.529
117    0.453
118    0.453
119    0.529
120    0.605
121    0.68
122    0.68
123    0.756
124    0.831
125    0.907
126    1.058
127    1.058
128    0.982
129    1.285
130    1.209
131    1.36
132    1.587
133    1.436
134    1.587
135    1.738
136    1.738
137    1.814
138    1.965
139    2.192
140    2.267
141    2.192
142    2.343
143    2.569
144    2.721
145    2.947
146    2.796
147    3.174
148    3.401
149    3.325
150    3.325
151    3.552
152    3.703
153    3.93
154    4.081
155    3.93
156    4.383
157    4.61
158    4.761
159    4.534
160    5.063
161    4.912
162    5.366
163    5.668
164    5.517
165    5.668
166    6.121
167    6.197
168    5.819
169    6.877
170    6.575
171    7.104
172    7.331
173    7.935
174    7.557
175    7.406
176    7.406
177    7.86
178    8.313
179    8.011
180    6.877
180    6.046
179    8.313
178    8.313
177    8.237
176    7.255
175    6.499
174    8.237
173    8.011
172    7.406
171    8.086
170    7.633
169    7.179
168    6.121
167    6.348
166    5.215
165    5.592
164    5.819
163    5.29
162    5.063
161    5.744
160    4.988
159    4.912
158    4.308
157    4.686
156    4.459
155    4.157
154    4.232
153    3.854
152    3.628
151    3.552
150    3.476
149    3.401
148    3.099
147    3.401
146    3.023
145    2.947
144    2.721
143    2.796
142    2.418
141    2.267
140    2.192
139    2.192
138    2.192
137    2.116
136    1.965
135    1.738
134    1.814
133    1.663
132    1.511
131    1.285
130    1.436
129    1.209
128    1.134
127    1.209
126    0.907
125    0.982
124    0.907
123    0.907
122    0.68
121    0.68
120    0.756
119    0.605
118    0.605
117    0.529
116    0.378
115    0.453
114    0.378
113    0.302
112    0.378
111    0.227
110    0.227
109    0.227
108    0.151
107    0.151
106    0.151
105    0.076
104    0.076
103    0.151
102    0.076
101    0.076
100    0.076
99    0.076
98    0.076
97    0.076
96    0.076
95    0.076
94    0.076
93    0.076
92    0.076
91    0.076
90    0.0
89    0.076
88    -0.076
87    -0.076
86    -0.076
85    0.0
84    0.0
83    0.0
82    0.076
81    0.076
80    0.076
79    0.076
78    0.076
77    0.151
76    0.151
75    0.151
74    0.227
73    0.227
72    0.227
71    0.151
70    0.227
69    0.227
68    0.302
67    0.302
66    0.378
65    0.453
64    0.453
63    0.453
62    0.605
61    0.605
60    0.605
59    0.68
58    2.267
57    0.756
56    0.831
55    0.907
54    0.831
53    1.134
52    1.285
51    1.285
50    1.285
49    1.436
48    1.436
47    1.511
46    1.663
45    1.814
44    1.814
43    1.965
42    2.192
41    2.192
40    2.267
39    2.494
38    2.569
37    2.569
36    2.872
35    2.872
34    2.796
33    3.174
32    3.25
31    3.476
30    3.552
29    4.005
28    3.854
27    3.93
26    4.005
25    4.308
24    3.854
23    4.761
22    4.534
21    4.988
20    5.063
19    5.063
18    5.063
17    5.668
16    6.197
15    6.121
14    5.668
13    6.197
12    6.046
11    6.499
10    7.028
9    7.86
8    7.633
7    7.708
6    7.935
5    8.237
4    8.615
3    8.766
2    8.766
1    9.296
0    9.673
0    8.842
1    9.749
2    9.144
3    8.918
4    8.162
5    8.993
6    7.935
7    8.313
8    7.784
9    7.482
10    6.65
11    6.726
12    6.348
13    6.197
14    6.877
15    6.424
16    6.046
17    5.366
18    5.895
19    5.668
20    4.912
21    5.29
22    4.837
23    4.383
24    4.837
25    4.534
26    4.081
27    4.005
28    4.005
29    4.005
30    3.854
31    3.325
32    3.552
33    3.25
34    3.099
35    2.872
36    2.872
37    2.796
38    2.721
39    2.569
40    2.796
41    2.645
42    2.192
43    2.116
44    1.965
45    1.814
46    1.814
47    1.738
48    1.587
49    1.436
50    1.436
51    1.436
52    1.285
53    1.209
54    1.209
55    1.058
56    0.982
57    0.907
58    0.982
59    0.756
60    0.831
61    0.68
62    0.605
63    0.529
64    0.529
65    0.529
66    0.453
67    0.453
68    0.453
69    0.378
70    0.302
71    0.227
72    0.227
73    0.227
74    0.151
75    0.151
76    0.076
77    0.151
78    0.076
79    0.076
80    0.076
81    0.076
82    0.076
83    0.076
84    0.0
85    0.076
86    0.0
87    0.0
