1    15.781    2.796    0.78
2    15.813    2.796    1.56
3    15.813    2.796    2.34
4    15.813    2.796    3.12
5    15.781    2.796    3.90
6    15.781    2.796    4.68
7    15.748    2.796    5.46
8    15.781    2.796    6.24
9    15.748    2.796    7.02
10    15.748    2.796    7.80
11    15.748    2.796    8.58
12    15.748    2.796    9.36
13    15.748    2.721    10.1
14    15.716    2.796    10.9
15    15.748    2.796    11.6
16    15.716    2.796    12.4
17    15.716    2.796    13.2
18    15.716    2.721    13.9
19    15.716    2.796    14.7
20    15.716    2.721    15.5
21    15.716    2.796    16.3
22    15.716    2.796    17.0
23    15.683    2.796    17.8
24    15.683    2.796    18.6
25    15.683    2.796    19.4
26    15.683    2.721    20.2
27    15.683    2.796    20.9
28    15.683    2.796    21.7
29    15.683    2.721    22.5
30    15.65    2.721    23.2
31    15.65    2.796    24.0
32    15.65    2.796    24.8
33    15.683    2.796    25.6
34    15.683    2.721    26.3
35    15.683    2.796    27.1
36    15.683    2.721    27.9
37    15.65    2.796    28.7
38    15.65    2.796    29.4
39    15.65    2.796    30.2
40    15.65    2.721    31.0
41    15.65    2.796    31.8
42    15.65    2.796    32.5
43    15.65    2.721    33.3
44    15.65    2.721    34.1
45    15.65    2.721    34.8
46    15.65    2.721    35.6
47    15.65    2.721    36.3
48    15.65    2.721    37.1
49    15.65    2.721    37.9
50    15.65    2.721    38.6
51    15.65    2.796    39.4
52    15.65    2.796    40.2
53    15.65    2.721    40.9
54    15.65    2.721    41.7
55    15.618    2.796    42.5
56    15.618    2.721    43.2
57    15.65    2.721    44.0
58    15.618    2.721    44.8
59    15.65    2.721    45.5
60    15.618    2.796    46.3
61    15.65    2.721    47.0
62    15.618    2.721    47.8
63    15.618    2.721    48.6
64    15.618    2.796    49.3
65    15.618    2.796    50.1
66    15.618    2.796    50.9
67    15.618    2.721    51.7
68    15.618    2.721    52.4
69    15.618    2.721    53.2
70    15.618    2.721    53.9
71    15.618    2.796    54.7
72    15.618    2.721    55.5
73    15.618    2.796    56.3
74    15.618    2.721    57.0
75    15.618    2.721    57.8
76    15.618    2.721    58.5
77    15.618    2.721    59.3
78    15.618    2.796    60.1
79    15.618    2.796    60.9
80    15.618    2.721    61.6
81    15.618    2.796    62.4
82    15.618    2.796    63.2
83    15.618    2.796    64.0
84    15.618    2.721    64.7
85    15.618    2.721    65.5
86    15.585    2.721    66.3
87    15.618    2.721    67.0
88    15.618    2.721    67.8
89    15.618    2.721    68.5
90    15.618    2.796    69.3
91    15.618    2.796    70.1
92    15.618    2.796    70.9
93    15.618    2.796    71.7
94    15.618    2.721    72.4
95    15.618    2.721    73.2
96    15.618    2.721    73.9
97    15.585    2.721    74.7
98    15.618    2.721    75.5
99    15.585    2.721    76.2
100    15.585    2.796    77.0
101    15.585    2.796    77.8
102    15.585    2.721    78.5
103    15.585    2.721    79.3
104    15.585    2.796    80.1
105    15.585    2.721    80.8
106    15.585    2.721    81.6
107    15.585    2.796    82.4
108    15.585    2.721    83.1
109    15.585    2.721    83.9
110    15.585    2.796    84.7
111    15.585    2.721    85.4
112    15.585    2.721    86.2
113    15.585    2.721    87.0
114    15.585    2.721    87.7
115    15.585    2.721    88.5
116    15.585    2.721    89.2
117    15.585    2.721    90.0
118    15.585    2.721    90.8
119    15.585    2.721    91.5
120    15.585    2.796    92.3
121    15.585    2.721    93.1
122    15.585    2.796    93.8
123    15.553    2.796    94.6
124    15.585    2.721    95.4
125    15.585    2.796    96.2
126    15.585    2.721    96.9
127    15.585    2.721    97.7
128    15.585    2.796    98.5
129    15.585    2.721    99.2
130    15.585    2.721    100.
131    15.585    2.721    100.
132    15.585    2.721    101.
133    15.585    2.721    102.
134    15.585    2.721    103.
135    15.585    2.721    103.
136    15.585    2.796    104.
137    15.585    2.796    105.
138    15.585    2.721    106.
139    15.585    2.721    106.
140    15.553    2.721    107.
141    15.585    2.721    108.
142    15.585    2.721    109.
143    15.553    2.721    109.
144    15.585    2.721    110.
145    15.585    2.721    111.
146    15.585    2.721    112.
147    15.553    2.796    113.
148    15.585    2.721    113.
149    15.553    2.796    114.
150    15.553    2.721    115.
151    15.553    2.796    116.
152    15.553    2.721    116.
153    15.553    2.721    117.
154    15.553    2.721    118.
155    15.553    2.796    119.
156    15.553    2.796    119.
157    15.553    2.796    120.
158    15.585    2.721    121.
159    15.553    2.796    122.
160    15.553    2.721    123.
161    15.553    2.721    123.
162    15.553    2.721    124.
163    15.553    2.796    125.
164    15.553    2.721    126.
165    15.553    2.796    126.
166    15.553    2.721    127.
167    15.553    2.721    128.
168    15.553    2.721    129.
169    15.553    2.721    129.
170    15.553    2.721    130.
171    15.553    2.796    131.
172    15.553    2.721    132.
173    15.553    2.721    132.
174    15.553    2.721    133.
175    15.553    2.721    134.
176    15.553    2.721    135.
177    15.553    2.796    136.
178    15.553    2.796    136.
179    15.553    2.721    137.
180    15.553    2.796    138.
181    15.553    2.721    139.
182    15.553    2.721    139.
183    15.553    2.721    140.
184    15.553    2.796    141.
185    15.553    2.721    142.
186    15.553    2.721    142.
187    15.553    2.796    143.
188    15.553    2.721    144.
189    15.553    2.796    145.
190    15.553    2.796    146.
191    15.553    2.721    146.
192    15.553    2.796    147.
193    15.553    2.796    148.
194    15.52    2.721    149.
195    15.553    2.796    149.
196    15.553    2.796    150.
197    15.553    2.796    151.
198    15.553    2.721    152.
199    15.553    2.721    152.
200    15.553    2.796    153.
201    15.52    2.796    154.
202    15.553    2.721    155.
203    15.553    2.796    156.
204    15.553    2.721    156.
205    15.553    2.721    157.
206    15.553    2.721    158.
207    15.553    2.721    159.
208    15.553    2.721    159.
209    15.553    2.721    160.
210    15.553    2.721    161.
211    15.52    2.721    162.
212    15.553    2.721    162.
213    15.52    2.721    163.
214    15.52    2.721    164.
215    15.553    2.721    165.
216    15.553    2.721    165.
217    15.553    2.721    166.
218    15.553    2.796    167.
219    15.52    2.796    168.
220    15.553    2.721    169.
221    15.52    2.721    169.
222    15.52    2.721    170.
223    15.52    2.721    171.
224    15.52    2.721    172.
225    15.553    2.721    172.
226    15.52    2.721    173.
227    15.553    2.721    174.
228    15.553    2.721    175.
229    15.52    2.796    175.
230    15.52    2.721    176.
231    15.52    2.721    177.
232    15.52    2.796    178.
233    15.52    2.721    178.
234    15.553    2.721    179.
235    15.52    2.721    180.
236    15.52    2.721    181.
237    15.52    2.796    181.
238    15.52    2.721    182.
239    15.52    2.721    183.
240    15.52    2.721    184.
241    15.52    2.721    185.
242    15.553    2.796    185.
243    15.52    2.796    186.
244    15.52    2.721    187.
245    15.52    2.796    188.
246    15.52    2.721    188.
247    15.52    2.796    189.
248    15.52    2.721    190.
249    15.52    2.721    191.
250    15.52    2.796    191.
251    15.52    2.721    192.
252    15.52    2.721    193.
253    15.52    2.721    194.
254    15.52    2.721    194.
255    15.52    2.721    195.
256    15.52    2.721    196.
257    15.52    2.721    197.
258    15.52    2.796    198.
259    15.52    2.796    198.
260    15.52    2.721    199.
261    15.52    2.721    200.
262    15.52    2.721    201.
263    15.52    2.721    201.
264    15.52    2.796    202.
265    15.52    2.796    203.
266    15.52    2.721    204.
267    15.52    2.721    204.
268    15.52    2.721    205.
269    15.52    2.721    206.
270    15.52    2.721    207.
271    15.52    2.721    207.
272    15.52    2.796    208.
273    15.52    2.796    209.
274    15.52    2.721    210.
275    15.52    2.796    211.
276    15.52    2.721    211.
277    15.52    2.796    212.
278    15.487    2.721    213.
279    15.52    2.721    214.
280    15.52    2.721    214.
281    15.52    2.721    215.
282    15.52    2.721    216.
283    15.52    2.796    217.
284    15.52    2.721    217.
285    15.52    2.796    218.
286    15.52    2.796    219.
287    15.487    2.721    220.
288    15.52    2.721    221.
289    15.52    2.721    221.
290    15.52    2.796    222.
291    15.52    2.721    223.
292    15.52    2.796    224.
293    15.52    2.796    224.
294    15.52    2.721    225.
295    15.52    2.721    226.
296    15.52    2.721    227.
297    15.52    2.796    227.
298    15.52    2.796    228.
299    15.52    2.721    229.
300    15.52    2.796    230.
301    15.52    2.721    231.
302    15.487    2.721    231.
303    15.52    2.721    232.
304    15.52    2.721    233.
305    15.52    2.796    234.
306    15.487    2.721    234.
307    15.52    2.796    235.
308    15.487    2.721    236.
309    15.487    2.796    237.
310    15.52    2.796    237.
311    15.52    2.796    238.
312    15.52    2.796    239.
313    15.487    2.721    240.
314    15.487    2.796    241.
315    15.52    2.721    241.
316    15.487    2.721    242.
317    15.487    2.796    243.
318    15.487    2.796    244.
319    15.487    2.721    244.
320    15.487    2.796    245.
321    15.487    2.796    246.
322    15.52    2.796    247.
323    15.487    2.796    248.
324    15.487    2.721    248.
325    15.487    2.721    249.
326    15.487    2.796    250.
327    15.487    2.721    251.
328    15.487    2.721    251.
329    15.487    2.721    252.
330    15.487    2.796    253.
331    15.487    2.796    254.
332    15.487    2.721    254.
333    15.487    2.721    255.
334    15.487    2.721    256.
335    15.487    2.721    257.
336    15.487    2.721    257.
337    15.487    2.721    258.
338    15.487    2.721    259.
339    15.487    2.721    260.
340    15.487    2.721    261.
341    15.487    2.796    261.
342    15.487    2.796    262.
343    15.487    2.796    263.
344    15.487    2.721    264.
345    15.487    2.721    264.
346    15.487    2.796    265.
347    15.487    2.721    266.
348    15.487    2.721    267.
349    15.487    2.721    267.
350    15.487    2.796    268.
351    15.487    2.721    269.
352    15.487    2.796    270.
353    15.487    2.721    271.
354    15.487    2.796    271.
355    15.487    2.721    272.
356    15.487    2.796    273.
357    15.487    2.796    274.
358    15.487    2.721    274.
359    15.487    2.721    275.
360    15.487    2.721    276.
361    15.487    2.721    277.
362    15.487    2.721    277.
363    15.487    2.721    278.
364    15.487    2.796    279.
365    15.487    2.796    280.
366    15.487    2.796    281.
367    15.487    2.721    281.
368    15.487    2.721    282.
369    15.455    2.796    283.
370    15.487    2.721    284.
371    15.487    2.721    284.
372    15.487    2.721    285.
373    15.487    2.721    286.
374    15.487    2.721    287.
375    15.487    2.796    287.
376    15.487    2.721    288.
377    15.487    2.796    289.
378    15.487    2.796    290.
379    15.487    2.721    290.
380    15.487    2.721    291.
381    15.487    2.721    292.
382    15.487    2.721    293.
383    15.487    2.796    294.
384    15.487    2.796    294.
385    15.487    2.721    295.
386    15.487    2.796    296.
387    15.455    2.796    297.
388    15.455    2.796    297.
389    15.487    2.721    298.
390    15.487    2.721    299.
391    15.487    2.721    300.
392    15.487    2.721    300.
393    15.487    2.721    301.
394    15.487    2.721    302.
395    15.487    2.721    303.
396    15.455    2.796    304.
397    15.487    2.721    304.
398    15.455    2.721    305.
399    15.455    2.721    306.
400    15.455    2.721    307.
401    15.455    2.796    307.
402    15.455    2.796    308.
403    15.487    2.721    309.
404    15.487    2.796    310.
405    15.455    2.796    310.
406    15.455    2.721    311.
407    15.455    2.721    312.
408    15.455    2.796    313.
409    15.455    2.796    314.
410    15.455    2.721    314.
411    15.455    2.796    315.
412    15.455    2.721    316.
413    15.455    2.796    317.
414    15.455    2.721    317.
415    15.487    2.796    318.
416    15.455    2.796    319.
417    15.455    2.796    320.
418    15.455    2.721    320.
419    15.487    2.796    321.
420    15.455    2.721    322.
421    15.455    2.721    323.
422    15.455    2.796    324.
423    15.455    2.721    324.
424    15.455    2.721    325.
425    15.455    2.796    326.
426    15.455    2.721    327.
427    15.455    2.796    327.
428    15.455    2.721    328.
429    15.455    2.721    329.
430    15.455    2.796    330.
431    15.455    2.721    330.
432    15.455    2.721    331.
433    15.455    2.721    332.
434    15.455    2.721    333.
435    15.455    2.796    333.
436    15.455    2.721    334.
437    15.455    2.721    335.
438    15.455    2.721    336.
439    15.455    2.721    337.
440    15.455    2.721    337.
441    15.455    2.721    338.
442    15.455    2.721    339.
443    15.455    2.721    340.
444    15.455    2.721    340.
445    15.455    2.721    341.
446    15.422    2.721    342.
447    15.455    2.721    343.
448    15.455    2.721    343.
449    15.455    2.721    344.
450    15.455    2.721    345.
451    15.455    2.721    346.
452    15.455    2.721    346.
453    15.455    2.721    347.
454    15.455    2.721    348.
455    15.455    2.721    349.
456    15.422    2.721    349.
457    15.455    2.721    350.
458    15.455    2.721    351.
459    15.422    2.721    352.
460    15.422    2.721    352.
461    15.455    2.721    353.
462    15.422    2.796    354.
463    15.422    2.721    355.
464    15.455    2.721    356.
465    15.455    2.721    356.
466    15.422    2.721    357.
467    15.455    2.721    358.
468    15.422    2.721    359.
469    15.455    2.721    359.
470    15.455    2.721    360.
471    15.455    2.721    361.
472    15.455    2.721    362.
473    15.455    2.721    362.
474    15.422    2.721    363.
475    15.422    2.721    364.
476    15.422    2.721    365.
477    15.455    2.721    365.
478    15.455    2.721    366.
479    15.422    2.721    367.
480    15.422    2.721    368.
481    15.455    2.721    368.
482    15.422    2.721    369.
483    15.422    2.721    370.
484    15.422    2.721    371.
485    15.422    2.721    372.
486    15.422    2.796    372.
487    15.422    2.721    373.
488    15.422    2.721    374.
489    15.422    2.721    375.
490    15.422    2.721    375.
491    15.422    2.721    376.
492    15.422    2.721    377.
493    15.455    2.721    378.
494    15.422    2.721    378.
495    15.422    2.796    379.
496    15.455    2.721    380.
497    15.422    2.721    381.
498    15.422    2.721    381.
499    15.422    2.721    382.
500    15.422    2.721    383.
501    15.422    2.721    384.
502    15.422    2.721    384.
503    15.422    2.721    385.
504    15.422    2.721    386.
505    15.422    2.721    387.
506    15.422    2.721    388.
507    15.422    2.721    388.
508    15.422    2.721    389.
509    15.422    2.721    390.
510    15.422    2.796    391.
511    15.422    2.721    391.
512    15.422    2.721    392.
513    15.422    2.721    393.
514    15.422    2.721    394.
515    15.422    2.721    394.
516    15.422    2.721    395.
517    15.422    2.721    396.
518    15.422    2.721    397.
519    15.422    2.721    397.
520    15.422    2.721    398.
521    15.422    2.721    399.
522    15.422    2.721    400.
523    15.422    2.721    400.
524    15.422    2.721    401.
525    15.422    2.721    402.
526    15.422    2.721    403.
527    15.422    2.721    403.
528    15.422    2.721    404.
529    15.422    2.721    405.
530    15.422    2.721    406.
531    15.422    2.721    407.
532    15.422    2.721    407.
533    15.39    2.721    408.
534    15.422    2.721    409.
535    15.422    2.721    410.
536    15.422    2.721    410.
537    15.422    2.721    411.
538    15.422    2.721    412.
539    15.422    2.721    413.
540    15.422    2.721    413.
541    15.422    2.721    414.
542    15.422    2.721    415.
543    15.39    2.721    416.
544    15.39    2.721    416.
545    15.39    2.721    417.
546    15.422    2.721    418.
547    15.422    2.721    419.
548    15.422    2.721    419.
549    15.39    2.721    420.
550    15.39    2.721    421.
551    15.39    2.721    422.
552    15.422    2.721    422.
553    15.422    2.721    423.
554    15.39    2.721    424.
555    15.39    2.721    425.
556    15.422    2.721    426.
557    15.422    2.721    426.
558    15.39    2.721    427.
559    15.39    2.721    428.
560    15.39    2.721    429.
561    15.39    2.721    429.
562    15.39    2.721    430.
563    15.39    2.721    431.
564    15.39    2.721    432.
565    15.39    2.721    432.
566    15.39    2.721    433.
567    15.39    2.721    434.
568    15.39    2.721    435.
569    15.422    2.721    435.
570    15.39    2.721    436.
571    15.39    2.721    437.
572    15.39    2.721    438.
573    15.39    2.721    438.
574    15.422    2.721    439.
575    15.39    2.721    440.
576    15.39    2.721    441.
577    15.39    2.721    441.
578    15.39    2.721    442.
579    15.39    2.721    443.
580    15.422    2.721    444.
581    15.39    2.721    445.
582    15.39    2.721    445.
583    15.39    2.721    446.
584    15.422    2.721    447.
585    15.39    2.721    448.
586    15.39    2.721    448.
587    15.39    2.721    449.
588    15.39    2.721    450.
589    15.39    2.721    451.
590    15.39    2.721    451.
591    15.39    2.721    452.
592    15.39    2.721    453.
593    15.39    2.721    454.
594    15.39    2.721    454.
595    15.39    2.721    455.
596    15.357    2.721    456.
597    15.39    2.721    457.
598    15.39    2.721    457.
599    15.39    2.721    458.
600    15.357    2.721    459.
601    15.39    2.721    460.
602    15.39    2.721    460.
603    15.39    2.721    461.
604    15.39    2.721    462.
605    15.39    2.721    463.
606    15.39    2.721    464.
607    15.39    2.721    464.
608    15.39    2.721    465.
609    15.39    2.721    466.
610    15.39    2.721    467.
611    15.39    2.721    467.
612    15.39    2.721    468.
613    15.357    2.721    469.
614    15.39    2.721    470.
615    15.39    2.721    470.
616    15.39    2.721    471.
617    15.39    2.721    472.
618    15.39    2.721    473.
619    15.39    2.721    473.
620    15.357    2.721    474.
621    15.39    2.721    475.
622    15.39    2.721    476.
623    15.39    2.721    476.
624    15.39    2.721    477.
625    15.39    2.721    478.
626    15.39    2.721    479.
627    15.357    2.721    479.
628    15.39    2.721    480.
629    15.39    2.721    481.
630    15.357    2.721    482.
631    15.39    2.721    483.
632    15.39    2.721    483.
633    15.39    2.721    484.
634    15.357    2.721    485.
635    15.39    2.721    486.
636    15.39    2.721    486.
637    15.39    2.721    487.
638    15.39    2.721    488.
639    15.39    2.721    489.
640    15.357    2.721    489.
641    15.357    2.721    490.
642    15.357    2.721    491.
643    15.357    2.721    492.
644    15.357    2.721    492.
645    15.357    2.721    493.
646    15.357    2.721    494.
647    15.357    2.721    495.
648    15.357    2.721    495.
649    15.357    2.721    496.
650    15.357    2.721    497.
651    15.357    2.721    498.
652    15.39    2.721    498.
653    15.357    2.721    499.
654    15.357    2.721    500.
655    15.357    2.721    501.
656    15.357    2.721    502.
657    15.357    2.721    502.
658    15.357    2.721    503.
659    15.357    2.721    504.
660    15.357    2.721    505.
661    15.357    2.721    505.
662    15.357    2.721    506.
663    15.357    2.721    507.
664    15.357    2.721    508.
665    15.357    2.721    508.
666    15.357    2.721    509.
667    15.357    2.721    510.
668    15.357    2.721    511.
669    15.357    2.721    511.
670    15.357    2.721    512.
671    15.357    2.721    513.
672    15.324    2.721    514.
673    15.357    2.721    514.
674    15.357    2.721    515.
675    15.357    2.721    516.
676    15.357    2.721    517.
677    15.357    2.721    517.
678    15.357    2.721    518.
679    15.357    2.721    519.
680    15.357    2.721    520.
681    15.357    2.721    521.
682    15.357    2.721    521.
683    15.357    2.721    522.
684    15.357    2.721    523.
685    15.357    2.721    524.
686    15.357    2.721    524.
687    15.357    2.721    525.
688    15.357    2.721    526.
689    15.357    2.721    527.
690    15.357    2.721    527.
691    15.357    2.721    528.
692    15.357    2.721    529.
693    15.324    2.721    530.
694    15.324    2.721    530.
695    15.324    2.721    531.
696    15.324    2.721    532.
697    15.324    2.721    533.
698    15.324    2.721    533.
699    15.324    2.721    534.
700    15.324    2.721    535.
701    15.324    2.721    536.
702    15.324    2.721    536.
703    15.357    2.721    537.
704    15.324    2.721    538.
705    15.324    2.721    539.
706    15.324    2.721    540.
707    15.357    2.721    540.
708    15.357    2.721    541.
709    15.357    2.721    542.
710    15.324    2.721    543.
711    15.357    2.721    543.
712    15.324    2.721    544.
713    15.324    2.721    545.
714    15.324    2.721    546.
715    15.324    2.721    546.
716    15.324    2.721    547.
717    15.324    2.721    548.
718    15.357    2.721    549.
719    15.324    2.721    549.
720    15.324    2.721    550.
721    15.324    2.721    551.
722    15.324    2.721    552.
723    15.324    2.721    552.
724    15.324    2.721    553.
725    15.324    2.721    554.
726    15.324    2.721    555.
727    15.324    2.721    555.
728    15.324    2.721    556.
729    15.324    2.721    557.
730    15.324    2.721    558.
731    15.324    2.721    559.
732    15.357    2.721    559.
733    15.324    2.721    560.
734    15.324    2.721    561.
735    15.324    2.721    562.
736    15.324    2.721    562.
737    15.324    2.721    563.
738    15.324    2.721    564.
739    15.324    2.721    565.
740    15.324    2.721    565.
741    15.324    2.721    566.
742    15.324    2.721    567.
743    15.324    2.721    568.
744    15.324    2.721    568.
745    15.324    2.721    569.
746    15.292    2.721    570.
747    15.324    2.721    571.
748    15.324    2.721    571.
749    15.324    2.721    572.
750    15.324    2.721    573.
751    15.292    2.721    574.
752    15.324    2.721    574.
753    15.324    2.721    575.
754    15.324    2.721    576.
755    15.292    2.721    577.
756    15.324    2.721    578.
757    15.292    2.721    578.
758    15.324    2.721    579.
759    15.292    2.721    580.
760    15.324    2.721    581.
761    15.324    2.721    581.
762    15.324    2.721    582.
763    15.292    2.721    583.
764    15.324    2.721    584.
765    15.324    2.721    584.
766    15.324    2.721    585.
767    15.324    2.721    586.
768    15.324    2.721    587.
769    15.324    2.721    587.
770    15.324    2.721    588.
771    15.324    2.721    589.
772    15.324    2.721    590.
773    15.324    2.721    590.
774    15.324    2.721    591.
775    15.292    2.721    592.
776    15.324    2.721    593.
777    15.324    2.721    593.
778    15.324    2.721    594.
779    15.292    2.721    595.
780    15.292    2.721    596.
781    15.292    2.721    597.
782    15.292    2.721    597.
783    15.324    2.721    598.
784    15.324    2.721    599.
785    15.324    2.721    600.
786    15.292    2.721    600.
787    15.324    2.721    601.
788    15.292    2.721    602.
789    15.292    2.721    603.
790    15.292    2.721    603.
791    15.292    2.721    604.
792    15.292    2.721    605.
793    15.324    2.721    606.
794    15.292    2.721    606.
795    15.324    2.721    607.
796    15.292    2.721    608.
797    15.292    2.721    609.
798    15.292    2.721    609.
799    15.292    2.721    610.
800    15.324    2.721    611.
801    15.292    2.721    612.
802    15.292    2.721    612.
803    15.292    2.721    613.
804    15.292    2.721    614.
805    15.292    2.721    615.
806    15.292    2.721    616.
807    15.292    2.721    616.
808    15.292    2.721    617.
809    15.324    2.721    618.
810    15.292    2.721    619.
811    15.292    2.721    619.
812    15.292    2.721    620.
813    15.292    2.721    621.
814    15.292    2.721    622.
815    15.292    2.721    622.
816    15.292    2.721    623.
817    15.292    2.721    624.
818    15.292    2.721    625.
819    15.292    2.721    625.
820    15.292    2.721    626.
821    15.292    2.721    627.
822    15.292    2.721    628.
823    15.292    2.721    628.
824    15.292    2.721    629.
825    15.292    2.721    630.
826    15.292    2.721    631.
827    15.292    2.721    631.
828    15.292    2.721    632.
829    15.292    2.721    633.
830    15.292    2.721    634.
831    15.292    2.721    635.
832    15.292    2.721    635.
833    15.292    2.721    636.
834    15.292    2.721    637.
835    15.292    2.721    638.
836    15.292    2.721    638.
837    15.292    2.721    639.
838    15.292    2.721    640.
839    15.259    2.721    641.
840    15.292    2.721    641.
841    15.292    2.721    642.
842    15.292    2.721    643.
843    15.292    2.721    644.
844    15.292    2.721    644.
845    15.259    2.721    645.
846    15.292    2.721    646.
847    15.292    2.721    647.
848    15.259    2.721    647.
849    15.259    2.721    648.
850    15.259    2.721    649.
851    15.292    2.721    650.
852    15.292    2.721    650.
853    15.259    2.721    651.
854    15.259    2.721    652.
855    15.292    2.721    653.
856    15.259    2.721    654.
857    15.259    2.721    654.
858    15.292    2.721    655.
859    15.259    2.721    656.
860    15.259    2.721    657.
861    15.259    2.721    657.
862    15.292    2.721    658.
863    15.259    2.721    659.
864    15.259    2.721    660.
865    15.259    2.721    660.
866    15.259    2.721    661.
867    15.259    2.721    662.
868    15.259    2.721    663.
869    15.259    2.721    663.
870    15.259    2.721    664.
871    15.259    2.721    665.
872    15.259    2.721    666.
873    15.259    2.721    666.
874    15.259    2.721    667.
875    15.259    2.721    668.
876    15.259    2.721    669.
877    15.259    2.721    669.
878    15.259    2.721    670.
879    15.259    2.721    671.
880    15.259    2.721    672.
881    15.259    2.721    673.
882    15.259    2.721    673.
883    15.259    2.721    674.
884    15.259    2.721    675.
885    15.259    2.721    676.
886    15.259    2.721    676.
887    15.259    2.721    677.
888    15.259    2.721    678.
889    15.259    2.721    679.
890    15.259    2.721    679.
891    15.259    2.721    680.
892    15.259    2.721    681.
893    15.259    2.721    682.
894    15.259    2.721    682.
895    15.259    2.721    683.
896    15.259    2.721    684.
897    15.259    2.721    685.
898    15.259    2.721    685.
899    15.259    2.721    686.
900    15.259    2.721    687.
901    15.259    2.721    688.
902    15.259    2.721    688.
903    15.259    2.721    689.
904    15.259    2.721    690.
905    15.259    2.721    691.
906    15.259    2.721    692.
907    15.259    2.721    692.
908    15.259    2.721    693.
909    15.259    2.721    694.
910    15.259    2.721    695.
911    15.259    2.721    695.
912    15.227    2.721    696.
913    15.227    2.721    697.
914    15.259    2.721    698.
915    15.259    2.721    698.
916    15.227    2.721    699.
917    15.259    2.721    700.
918    15.227    2.721    701.
919    15.259    2.721    701.
920    15.227    2.721    702.
921    15.227    2.721    703.
922    15.227    2.721    704.
923    15.259    2.721    704.
924    15.227    2.721    705.
925    15.227    2.721    706.
926    15.227    2.721    707.
927    15.259    2.721    707.
928    15.259    2.721    708.
929    15.227    2.721    709.
930    15.227    2.721    710.
931    15.259    2.721    711.
932    15.227    2.721    711.
933    15.227    2.721    712.
934    15.227    2.721    713.
935    15.259    2.721    714.
936    14.346    2.721    714.
937    15.585    0.0    714.
938    15.618    0.0    714.
939    15.618    0.0    714.
940    15.65    0.0    714.
941    15.65    0.0    714.
942    15.65    0.0    714.
943    15.65    0.0    714.
944    15.65    0.0    714.
945    15.65    0.0    714.
946    15.65    0.0    714.
947    15.683    0.0    714.
948    15.683    0.0    714.
949    15.683    0.0    714.
