87    -0.076
88    -0.076
89    -0.076
90    -0.076
91    -0.076
92    -0.076
93    -0.076
94    -0.076
95    0.0
96    -0.076
97    0.0
98    -0.076
99    -0.076
100    0.0
101    -0.076
102    -0.076
103    0.0
104    0.0
105    0.0
106    0.0
107    0.0
108    0.0
109    0.0
110    0.0
111    0.076
112    0.151
113    0.151
114    0.227
115    0.227
116    0.302
117    0.302
118    0.302
119    0.302
120    0.378
121    0.453
122    0.605
123    0.529
124    0.68
125    0.756
126    0.831
127    0.831
128    0.982
129    0.982
130    0.982
131    0.982
132    1.209
133    1.285
134    1.36
135    1.436
136    1.587
137    1.889
138    1.889
139    1.889
140    2.04
141    2.116
142    2.116
143    2.343
144    2.343
145    2.721
146    2.645
147    2.645
148    2.872
149    3.25
150    3.099
151    3.325
152    3.325
153    3.552
154    3.703
155    3.476
156    3.779
157    3.703
158    4.534
159    4.686
160    4.61
161    5.215
162    5.063
163    5.063
164    4.912
165    5.215
166    5.517
167    6.273
168    5.441
169    6.499
170    6.726
171    6.046
172    7.255
173    7.784
174    7.028
175    6.499
176    8.237
177    8.54
178    6.953
179    8.766
180    8.691
180    9.296
179    9.069
178    8.54
177    8.011
176    7.482
175    7.784
174    7.935
173    6.046
172    6.726
171    6.424
170    6.046
169    6.273
168    6.348
167    6.65
166    5.592
165    5.592
164    5.29
163    5.29
162    4.912
161    4.383
160    4.988
159    4.912
158    4.912
157    4.232
156    4.761
155    4.232
154    4.081
153    3.552
152    3.779
151    3.325
150    3.099
149    3.476
148    3.099
147    3.023
146    3.099
145    2.721
144    2.569
143    2.494
142    2.494
141    2.267
140    2.267
139    2.116
138    1.965
137    1.738
136    1.814
135    1.663
134    1.511
133    1.436
132    1.436
131    1.209
130    1.209
129    0.982
128    0.982
127    0.982
126    0.907
125    0.831
124    0.756
123    0.756
122    0.605
121    0.529
120    0.302
119    0.378
118    0.453
117    0.378
116    0.302
115    0.302
114    0.302
113    0.151
112    0.151
111    0.151
110    0.151
109    0.076
108    0.0
107    0.0
106    0.0
105    0.0
104    0.0
103    -0.076
102    0.0
101    0.0
100    0.0
99    -0.076
98    -0.076
97    0.0
96    0.0
95    -0.076
94    -0.076
93    -0.076
92    -0.076
91    -0.076
90    -0.076
89    -0.076
88    -0.076
87    -0.076
86    -0.076
85    -0.076
84    0.0
83    -0.076
82    -0.076
81    -0.076
80    -0.076
79    0.0
78    0.0
77    0.0
76    0.0
75    0.076
74    0.076
73    0.076
72    0.076
71    0.151
70    0.151
69    0.151
68    0.151
67    0.151
66    0.302
65    0.302
64    0.378
63    0.378
62    0.453
61    0.453
60    0.529
59    0.605
58    0.529
57    0.756
56    0.756
55    0.756
54    0.831
53    1.058
52    1.058
51    1.209
50    1.209
49    1.285
48    1.285
47    1.436
46    1.587
45    1.663
44    1.738
43    1.814
42    2.04
41    2.192
40    2.343
39    2.267
38    2.494
37    2.418
36    2.721
35    2.569
34    3.099
33    3.099
32    3.023
31    3.25
30    3.476
29    3.325
28    3.93
27    4.005
26    4.157
25    4.005
24    4.157
23    4.308
22    4.308
21    4.761
20    5.063
19    5.744
18    6.046
17    5.895
16    5.668
15    5.668
14    6.273
13    5.895
12    6.499
11    6.802
10    7.179
9    6.877
8    6.802
7    5.139
6    7.255
5    8.389
4    8.162
3    8.237
2    8.237
1    8.011
0    9.22
0    9.144
1    9.825
2    9.522
3    7.935
4    9.22
5    7.406
6    7.86
7    8.389
8    7.784
9    7.028
10    7.557
11    6.65
12    6.499
13    7.104
14    6.575
15    6.046
16    6.046
17    5.29
18    6.046
19    4.912
20    5.063
21    5.063
22    4.912
23    4.459
24    4.232
25    4.61
26    4.232
27    3.628
28    3.779
29    3.854
30    3.703
31    3.779
32    3.401
33    3.174
34    3.099
35    3.099
36    3.023
37    2.796
38    2.569
39    2.418
40    2.494
41    2.494
42    2.343
43    2.192
44    1.814
45    1.738
46    1.663
47    1.663
48    0.378
49    1.134
50    1.36
51    0.907
52    1.209
53    0.302
54    0.302
55    0.302
56    0.302
57    0.453
58    0.68
59    0.756
60    0.605
61    0.151
62    0.378
63    0.151
64    0.227
65    0.0
66    -0.076
67    -0.076
68    -0.076
69    0.0
70    0.0
71    -0.076
72    0.0
73    -0.076
74    0.0
75    -0.076
76    -0.076
77    -0.076
78    -0.076
79    -0.076
80    -0.076
81    -0.076
82    -0.076
83    0.0
84    -0.076
85    0.0
86    -0.076
87    0.0
