87    0.0
88    0.0
89    0.0
90    0.0
91    0.0
92    0.0
93    0.0
94    0.0
95    0.0
96    0.0
97    0.0
98    0.0
99    0.0
100    0.0
101    0.0
102    0.076
103    0.076
104    0.076
105    0.076
106    0.076
107    0.0
108    0.151
109    0.151
110    0.151
111    0.151
112    0.151
113    0.151
114    0.227
115    0.302
116    0.378
117    0.302
118    0.453
119    0.378
120    0.529
121    0.529
122    0.529
123    0.68
124    0.68
125    0.756
126    0.907
127    0.907
128    0.982
129    1.134
130    0.982
131    1.134
132    1.209
133    1.511
134    1.511
135    1.663
136    1.511
137    1.814
138    1.587
139    1.587
140    1.814
141    2.116
142    1.663
143    2.494
144    2.494
145    1.814
146    2.721
147    2.721
148    2.04
149    2.569
150    3.476
151    3.401
152    3.174
153    3.023
154    2.267
155    2.645
156    4.081
157    3.476
158    3.854
159    2.796
160    3.854
161    2.04
162    3.703
163    3.023
164    2.267
165    2.04
166    3.325
167    2.343
168    2.343
169    2.494
170    2.721
171    2.04
172    3.401
173    2.418
174    2.494
175    4.383
176    5.366
177    4.534
178    3.93
179    4.534
180    4.308
180    5.063
179    5.063
178    4.686
177    3.854
176    4.61
175    4.308
174    4.61
173    3.628
172    3.401
171    3.552
170    4.157
169    2.721
168    2.947
167    3.703
166    3.174
165    2.947
164    2.796
163    3.023
162    2.947
161    2.04
160    3.552
159    2.645
158    2.418
157    1.663
156    3.25
155    2.872
154    3.93
153    4.157
152    3.099
151    2.645
150    1.058
149    1.134
148    1.209
147    1.209
146    0.982
145    1.134
144    1.134
143    1.436
142    1.285
141    1.436
140    0.831
139    0.982
138    0.982
137    1.36
136    0.982
135    0.982
134    0.907
133    1.058
132    1.209
131    1.134
130    0.907
129    1.058
128    0.982
127    0.831
126    0.756
125    0.756
124    0.605
123    0.68
122    0.605
121    0.453
120    0.605
119    0.378
118    0.453
117    0.453
116    0.302
115    0.378
114    0.302
113    0.302
112    0.302
111    0.302
110    0.151
109    0.151
108    0.076
107    0.076
106    0.151
105    0.076
104    0.076
103    0.076
102    0.076
101    0.076
100    0.076
99    0.076
98    0.0
97    0.076
96    0.0
95    0.0
94    0.0
93    0.0
92    0.0
91    0.0
90    0.0
89    0.0
88    0.0
87    0.0
86    0.0
85    0.0
84    0.0
83    0.0
82    0.0
81    0.0
80    0.076
79    0.076
78    0.076
77    0.076
76    0.076
75    0.076
74    0.076
73    0.151
72    0.151
71    0.151
70    0.227
69    0.227
68    0.227
67    0.302
66    0.302
65    0.378
64    0.378
63    0.453
62    0.453
61    0.529
60    0.68
59    0.605
58    0.605
57    0.756
56    0.831
55    0.831
54    0.907
53    0.982
52    1.058
51    1.134
50    1.209
49    1.36
48    1.285
47    1.436
46    1.511
45    1.587
44    1.663
43    1.738
42    1.889
41    1.663
40    2.192
39    2.267
38    2.343
37    2.267
36    1.134
35    1.889
34    2.947
33    2.645
32    1.058
31    3.25
30    2.796
29    1.36
28    2.116
27    2.192
26    1.436
25    2.267
24    3.174
23    4.005
22    2.947
21    2.721
20    3.703
19    2.947
18    3.023
17    3.476
16    3.401
15    3.25
14    3.552
13    3.401
12    5.139
11    3.25
10    5.215
9    3.552
8    3.325
7    7.028
6    4.988
5    3.25
4    3.476
3    4.157
2    4.157
1    4.005
0    4.308
0    4.081
1    5.668
2    3.779
3    3.552
4    3.552
5    3.099
6    6.348
7    4.005
8    4.308
9    3.552
10    4.232
11    5.063
12    3.25
13    2.721
14    2.721
15    3.174
16    2.645
17    2.343
18    2.04
19    3.779
20    4.988
21    1.965
22    3.174
23    2.494
24    3.628
25    3.401
26    2.645
27    2.645
28    3.401
29    1.889
30    3.099
31    3.476
32    3.628
33    3.476
34    3.25
35    3.174
36    2.872
37    2.721
38    2.645
39    2.418
40    2.645
41    2.494
42    2.343
43    2.192
44    1.965
45    1.965
46    1.511
47    1.36
48    1.36
49    1.436
50    1.36
51    1.436
52    1.285
53    1.285
54    1.285
55    1.058
56    0.907
57    0.907
58    0.756
59    0.68
60    0.68
61    0.529
62    0.605
63    0.605
64    0.453
65    0.529
66    0.453
67    0.453
68    0.453
69    0.378
70    0.302
71    0.227
72    0.227
73    0.151
74    0.227
75    0.227
76    0.151
77    0.151
78    0.076
79    0.076
80    0.0
81    0.0
82    0.0
83    0.0
84    0.0
85    0.0
86    0.0
87    0.0
