1    15.683    -5.215    -1.46
2    15.813    -0.68    -1.65
3    15.813    -2.796    -2.4299999999999997
4    15.781    -3.325    -3.36
5    15.781    -1.965    -3.91
6    15.781    -1.058    -4.21
7    15.781    -1.738    -4.7
8    15.781    -0.378    -4.8100000000000005
9    15.748    0.529    -4.66
10    15.781    0.605    -4.49
11    15.748    0.529    -4.34
12    15.748    -0.756    -4.55
13    15.748    0.076    -4.53
14    15.748    0.302    -4.45
15    15.748    0.453    -4.32
16    15.748    0.0    -4.32
17    15.748    -0.076    -4.34
18    15.748    -0.378    -4.45
19    15.716    -0.151    -4.49
20    15.748    -0.605    -4.66
21    15.716    0.0    -4.66
22    15.716    -1.058    -4.96
23    15.716    -0.831    -5.19
24    15.716    0.151    -5.15
25    15.716    0.076    -5.130000000000001
26    15.716    -1.285    -5.490000000000001
27    15.716    -0.378    -5.600000000000001
28    15.716    -0.831    -5.830000000000002
29    15.716    -0.831    -6.060000000000002
30    15.716    -1.36    -6.440000000000002
31    15.716    -0.68    -6.630000000000003
32    15.683    -0.756    -6.8400000000000025
33    15.716    -3.023    -7.690000000000002
34    15.716    -1.209    -8.030000000000003
35    15.716    -0.605    -8.200000000000003
36    15.716    -0.302    -8.280000000000003
37    15.716    -1.511    -8.700000000000003
38    15.683    -0.605    -8.870000000000003
39    15.683    -1.36    -9.250000000000004
40    15.683    -2.947    -10.080000000000004
41    15.683    -1.587    -10.520000000000003
42    15.683    -2.267    -11.150000000000004
43    15.683    -0.68    -11.340000000000003
44    15.683    -0.302    -11.420000000000003
45    15.683    -5.063    -12.840000000000003
46    15.683    -2.418    -13.520000000000003
47    15.683    -1.436    -13.920000000000003
48    15.683    -0.453    -14.050000000000004
49    15.683    -0.151    -14.090000000000003
50    15.683    -0.907    -14.340000000000003
51    15.683    0.378    -14.230000000000004
52    15.683    0.831    -14.000000000000004
53    15.683    1.436    -13.600000000000003
54    15.683    1.36    -13.220000000000002
55    15.683    1.36    -12.840000000000002
56    15.683    0.605    -12.670000000000002
57    15.683    -0.076    -12.690000000000001
58    15.683    0.151    -12.650000000000002
59    15.683    0.151    -12.610000000000003
60    15.683    0.227    -12.550000000000002
61    15.683    -0.68    -12.740000000000002
62    15.683    -0.378    -12.850000000000001
63    15.683    0.227    -12.790000000000001
64    15.683    -1.058    -13.090000000000002
65    15.683    0.076    -13.070000000000002
66    15.683    -4.308    -14.280000000000001
67    15.683    -0.756    -14.490000000000002
68    15.683    -2.04    -15.060000000000002
69    15.683    -0.076    -15.080000000000002
70    15.683    -0.151    -15.120000000000001
71    15.683    -0.68    -15.31
72    15.65    -0.076    -15.33
73    15.683    -0.378    -15.44
74    15.65    -1.889    -15.969999999999999
75    15.683    -1.36    -16.349999999999998
76    15.683    -1.134    -16.669999999999998
77    15.65    -0.076    -16.689999999999998
78    15.65    -1.209    -17.029999999999998
79    15.683    -2.343    -17.689999999999998
80    15.65    -2.192    -18.299999999999997
81    15.65    -2.494    -18.999999999999996
82    15.683    -1.663    -19.469999999999995
83    15.683    -0.68    -19.659999999999997
84    15.65    -1.285    -20.019999999999996
85    15.65    -0.076    -20.039999999999996
86    15.65    -0.453    -20.169999999999995
87    15.683    -0.076    -20.189999999999994
88    15.65    -0.378    -20.299999999999994
89    15.65    -0.605    -20.469999999999995
90    15.65    -0.378    -20.579999999999995
91    15.65    -0.982    -20.849999999999994
92    15.65    0.227    -20.789999999999996
93    15.65    -0.151    -20.829999999999995
94    15.65    -0.227    -20.889999999999993
95    15.65    -0.453    -21.019999999999992
96    15.65    -0.227    -21.07999999999999
97    15.65    -0.982    -21.34999999999999
98    15.65    -0.831    -21.57999999999999
99    15.65    -0.151    -21.61999999999999
100    15.65    0.227    -21.55999999999999
101    15.65    0.0    -21.55999999999999
102    15.65    -0.453    -21.68999999999999
103    15.65    -1.285    -22.04999999999999
104    15.65    -0.605    -22.21999999999999
105    15.65    -0.831    -22.449999999999992
106    15.65    -0.076    -22.46999999999999
107    15.65    0.378    -22.359999999999992
108    15.65    0.453    -22.229999999999993
109    15.65    0.68    -22.039999999999992
110    15.65    0.756    -21.82999999999999
111    15.65    0.831    -21.59999999999999
112    15.65    0.605    -21.42999999999999
113    15.65    1.058    -21.12999999999999
114    15.65    1.209    -20.78999999999999
115    15.65    1.209    -20.44999999999999
116    15.65    1.285    -20.08999999999999
117    15.65    1.285    -19.72999999999999
118    15.65    1.285    -19.36999999999999
119    15.65    1.36    -18.98999999999999
120    15.65    1.36    -18.609999999999992
121    15.65    1.36    -18.229999999999993
122    15.65    1.36    -17.849999999999994
123    15.65    1.36    -17.469999999999995
124    15.65    0.907    -17.219999999999995
125    15.65    1.511    -16.799999999999994
126    15.65    1.436    -16.399999999999995
127    15.65    1.36    -16.019999999999996
128    15.65    1.285    -15.659999999999997
129    15.65    1.209    -15.319999999999997
130    15.65    1.209    -14.979999999999997
131    15.65    -2.872    -15.779999999999998
132    15.65    -1.36    -16.159999999999997
133    15.65    -0.529    -16.309999999999995
134    15.65    -2.418    -16.989999999999995
135    15.65    0.151    -16.949999999999996
136    15.65    -0.982    -17.219999999999995
137    15.65    -2.343    -17.879999999999995
138    15.65    -2.947    -18.709999999999994
139    15.65    -2.872    -19.509999999999994
140    15.65    -3.854    -20.589999999999996
141    15.65    -4.232    -21.769999999999996
142    15.65    -3.25    -22.679999999999996
143    15.65    -5.895    -24.329999999999995
144    15.65    -3.779    -25.389999999999993
145    15.65    -3.779    -26.449999999999992
146    15.65    -4.459    -27.699999999999992
147    15.65    0.0    -27.699999999999992
148    15.65    0.0    -27.699999999999992
149    15.65    -0.302    -27.77999999999999
150    15.65    0.605    -27.60999999999999
151    15.65    0.756    -27.399999999999988
152    15.65    0.529    -27.24999999999999
153    15.65    0.302    -27.16999999999999
154    15.65    0.529    -27.019999999999992
155    15.65    0.151    -26.979999999999993
156    15.65    0.378    -26.869999999999994
157    15.65    0.151    -26.829999999999995
158    15.65    0.302    -26.749999999999996
159    15.65    0.302    -26.669999999999998
160    15.65    0.227    -26.61
161    15.618    0.907    -26.36
162    15.65    0.529    -26.21
163    15.65    0.982    -25.94
164    15.65    0.907    -25.69
165    15.65    0.68    -25.5
166    15.65    0.831    -25.27
167    15.65    0.907    -25.02
168    15.618    0.831    -24.79
169    15.65    0.982    -24.52
170    15.65    0.982    -24.25
171    15.65    1.209    -23.91
172    15.65    1.134    -23.59
173    15.65    0.907    -23.34
174    15.65    -0.907    -23.59
175    15.65    -4.308    -24.8
176    15.65    -1.965    -25.35
177    15.618    -1.058    -25.650000000000002
178    15.65    0.076    -25.630000000000003
179    15.618    0.605    -25.46
180    15.65    0.605    -25.29
181    15.618    0.756    -25.08
182    15.65    0.907    -24.83
183    15.65    0.831    -24.599999999999998
184    15.65    0.756    -24.389999999999997
185    15.618    0.907    -24.139999999999997
186    15.618    1.058    -23.839999999999996
187    15.618    0.756    -23.629999999999995
188    15.65    0.982    -23.359999999999996
189    15.65    0.982    -23.089999999999996
190    15.65    1.058    -22.789999999999996
191    15.65    0.982    -22.519999999999996
192    15.618    0.756    -22.309999999999995
193    15.618    0.302    -22.229999999999997
194    15.618    0.68    -22.039999999999996
195    15.618    0.831    -21.809999999999995
196    15.65    1.209    -21.469999999999995
197    15.65    1.285    -21.109999999999996
198    15.65    1.285    -20.749999999999996
199    15.618    1.209    -20.409999999999997
200    15.618    1.134    -20.089999999999996
201    15.65    0.907    -19.839999999999996
202    15.618    0.756    -19.629999999999995
203    15.65    1.285    -19.269999999999996
204    15.618    1.134    -18.949999999999996
205    15.65    1.058    -18.649999999999995
206    15.65    1.134    -18.329999999999995
207    15.618    1.209    -17.989999999999995
208    15.618    0.907    -17.739999999999995
209    15.618    1.587    -17.299999999999994
210    15.618    1.663    -16.829999999999995
211    15.618    1.663    -16.359999999999996
212    15.618    1.436    -15.959999999999996
213    15.65    1.587    -15.519999999999996
214    15.65    1.587    -15.079999999999997
215    15.618    1.587    -14.639999999999997
216    15.618    1.889    -14.109999999999998
217    15.618    1.889    -13.579999999999998
218    15.618    1.889    -13.049999999999999
219    15.618    1.965    -12.499999999999998
220    15.618    2.04    -11.929999999999998
221    15.618    2.116    -11.339999999999998
222    15.618    2.04    -10.769999999999998
223    15.618    1.965    -10.219999999999997
224    15.618    0.756    -10.009999999999996
225    15.618    0.907    -9.759999999999996
226    15.618    1.285    -9.399999999999997
227    15.618    0.605    -9.229999999999997
228    15.618    1.587    -8.789999999999997
229    15.618    1.587    -8.349999999999998
230    15.618    1.134    -8.029999999999998
231    15.618    0.378    -7.919999999999997
232    15.618    -0.453    -8.049999999999997
233    15.618    -1.436    -8.449999999999998
234    15.618    -0.982    -8.719999999999997
235    15.618    1.965    -8.169999999999996
236    15.618    -0.302    -8.249999999999996
237    15.618    2.494    -7.549999999999996
238    15.618    2.192    -6.939999999999996
239    15.618    2.192    -6.329999999999996
240    15.618    2.267    -5.699999999999996
241    15.618    2.04    -5.1299999999999955
242    15.618    2.267    -4.499999999999996
243    15.65    2.343    -3.8399999999999954
244    15.618    2.418    -3.1599999999999953
245    15.618    2.418    -2.479999999999995
246    15.618    2.494    -1.7799999999999951
247    15.618    2.494    -1.0799999999999952
248    15.618    2.494    -0.37999999999999523
249    15.618    2.418    0.3000000000000048
250    15.618    2.494    1.0000000000000049
251    15.618    2.494    1.7000000000000048
252    15.618    2.569    2.420000000000005
253    15.618    2.569    3.140000000000005
254    15.618    2.569    3.8600000000000048
255    15.618    2.569    4.5800000000000045
256    15.618    2.569    5.300000000000004
257    15.618    2.569    6.020000000000004
258    15.618    2.645    6.760000000000004
259    15.618    2.645    7.500000000000004
260    15.618    2.645    8.240000000000004
261    15.618    2.721    9.000000000000004
262    15.618    2.721    9.760000000000003
263    15.618    2.721    10.520000000000003
264    15.618    2.721    11.280000000000003
265    15.618    2.872    12.080000000000004
266    15.618    3.023    12.930000000000003
267    15.618    3.099    13.800000000000002
1    15.716    -2.116    -0.59
2    15.781    -1.965    -1.1400000000000001
3    15.781    -2.192    -1.75
4    15.781    -1.889    -2.2800000000000002
5    15.748    -2.418    -2.9600000000000004
6    15.781    -2.947    -3.7900000000000005
7    15.748    -3.325    -4.720000000000001
8    15.748    -2.947    -5.550000000000001
9    15.748    -5.29    -7.030000000000001
10    15.748    -0.756    -7.240000000000001
11    15.748    -1.587    -7.6800000000000015
12    15.748    -1.511    -8.100000000000001
13    15.716    -0.68    -8.290000000000001
14    15.716    -0.907    -8.540000000000001
15    15.716    -0.831    -8.770000000000001
16    15.716    -0.982    -9.040000000000001
17    15.716    -0.831    -9.270000000000001
18    15.716    -1.209    -9.610000000000001
19    15.716    -0.756    -9.820000000000002
20    15.716    -0.907    -10.070000000000002
21    15.683    -0.756    -10.280000000000003
22    15.716    -0.756    -10.490000000000004
23    15.716    -0.982    -10.760000000000003
24    15.683    -0.982    -11.030000000000003
25    15.683    -0.453    -11.160000000000004
26    15.683    -0.378    -11.270000000000003
27    15.683    -0.605    -11.440000000000003
28    15.683    -0.302    -11.520000000000003
29    15.683    -0.151    -11.560000000000002
30    15.683    -0.151    -11.600000000000001
31    15.683    -0.605    -11.770000000000001
32    15.683    -0.076    -11.790000000000001
33    15.683    0.0    -11.790000000000001
34    15.683    0.076    -11.770000000000001
35    15.683    0.151    -11.730000000000002
36    15.683    0.151    -11.690000000000003
37    15.683    0.378    -11.580000000000004
38    15.683    0.529    -11.430000000000003
39    15.65    0.68    -11.240000000000004
40    15.683    0.68    -11.050000000000004
41    15.65    0.756    -10.840000000000003
42    15.65    0.151    -10.800000000000004
1    15.781    2.796    0.78
2    15.813    2.796    1.56
3    15.781    2.796    2.34
4    15.781    2.796    3.12
5    15.781    2.796    3.9000000000000004
6    15.748    2.796    4.680000000000001
7    15.748    2.796    5.460000000000001
8    15.748    2.721    6.220000000000001
9    15.748    2.796    7.000000000000001
10    15.748    2.796    7.780000000000001
11    15.748    2.721    8.540000000000001
12    15.716    2.796    9.32
13    15.716    2.796    10.1
14    15.716    2.796    10.879999999999999
15    15.716    2.721    11.639999999999999
16    15.716    2.796    12.419999999999998
17    15.716    2.721    13.179999999999998
18    15.683    2.796    13.959999999999997
19    15.716    2.796    14.739999999999997
20    15.683    2.721    15.499999999999996
21    15.683    2.721    16.259999999999998
22    15.683    2.796    17.04
23    15.683    2.796    17.82
24    18.813    2.721    18.580000000000002
25    18.748    2.721    19.340000000000003
1    15.553    2.721    0.76
2    15.944    2.796    1.54
1    15.781    0.33    0.09
2    15.813    0.339    0.18
3    15.813    0.339    0.27
4    15.781    0.339    0.36
5    15.781    0.339    0.44999999999999996
6    15.781    0.33    0.5399999999999999
7    15.781    0.33    0.6299999999999999
8    15.748    0.339    0.7199999999999999
9    15.748    0.33    0.8099999999999998
10    15.748    0.339    0.8999999999999998
11    15.748    0.339    0.9899999999999998
12    15.748    0.339    1.0799999999999998
13    15.748    0.33    1.17
14    15.748    0.339    1.26
15    15.716    0.33    1.35
16    15.716    0.33    1.4400000000000002
